                     input filtered denoisedF denoisedR merged nonchim
SP011228685510c_S104   121      116       116       115    115     115
625E110KA210c_S145    7294     7274      7266      7265   7264    7264
SP011228685410c_S105   164      164       163       163    163     163
SP011228685210c_S106  1974     1775      1774      1774   1774    1774
5KB25KB110c_S110     15207    15118     15112     15106  15106   15106
625E25KB110c_S146     2959     2957      2953      2953   2953    2953
5KB110KA210c_S109    12516    12505     12502     12502  12502   12502
1000BC10c_S100        4939     4929      4928      4925   4886    4865
SP011228651210c_S191  2080     2078      2078      2078   2078    2078
15C10c_S171           1400      592       495       498    380     380
SP011228685010c_S127    72       72        72        72     72      72
                     sample.name orig_f_reads orig_r_reads adap_f_reads
SP011228685510c_S104           1          932          932          932
625E110KA210c_S145             2        17564        17564        17560
SP011228685410c_S105           3         1063         1063         1063
SP011228685210c_S106           4         4576         4576         4576
5KB25KB110c_S110               5        29257        29257        29042
625E25KB110c_S146              6         6401         6401         6401
5KB110KA210c_S109              7        21805        21805        21802
1000BC10c_S100                 8        12324        12324        12324
SP011228651210c_S191           9         4132         4132         4130
15C10c_S171                   10        44512        44512        19381
SP011228685010c_S127          11          402          402          392
                     adap_r_reads prim_f_reads prim_r_reads original_discarded
SP011228685510c_S104          932          121          121                  0
625E110KA210c_S145          17560         7294         7294                  4
SP011228685410c_S105         1063          164          164                  0
SP011228685210c_S106         4576         1974         1974                  0
5KB25KB110c_S110            29042        15207        15207                215
625E25KB110c_S146            6401         2959         2959                  0
5KB110KA210c_S109           21802        12516        12516                  3
1000BC10c_S100              12324         4939         4939                  0
SP011228651210c_S191         4130         2080         2080                  2
15C10c_S171                 19381         1400         1400              25131
SP011228685010c_S127          392           72           72                 10
                     adaptor_discarded primer_discarded filtered_discarded
SP011228685510c_S104               811                5                  0
625E110KA210c_S145               10266               20                  8
SP011228685410c_S105               899                0                  1
SP011228685210c_S106              2602              199                  1
5KB25KB110c_S110                 13835               89                  6
625E25KB110c_S146                 3442                2                  4
5KB110KA210c_S109                 9286               11                  3
1000BC10c_S100                    7385               10                  1
SP011228651210c_S191              2050                2                  0
15C10c_S171                      17981              808                 97
SP011228685010c_S127               320                0                  0
                     merged_discarded
SP011228685510c_S104                1
625E110KA210c_S145                  2
SP011228685410c_S105                0
SP011228685210c_S106                0
5KB25KB110c_S110                    6
625E25KB110c_S146                   0
5KB110KA210c_S109                   0
1000BC10c_S100                     42
SP011228651210c_S191                0
15C10c_S171                       115
SP011228685010c_S127                0
