                     input filtered denoisedF denoisedR merged nonchim
SP011228685510c_S104   443      241       236       236    236     236
15C10c_S171           4949     2945      2674      2624   2544    2535
625E110KA210c_S145    8080     7048      6976      7022   6968    6968
SP011228685210c_S106  2301     1865      1859      1858   1858    1858
SP011228651210c_S191  1942     1859      1850      1849   1849    1849
5KB110KA210c_S109     8513     7864      7852      7847   7846    7846
5KB25KB110c_S110     12475    11903     11876     11845  11843   11843
1000BC10c_S100        6095     5317      5302      5299   5299    5144
SP011228685010c_S127   286      277       276       276    276     276
SP011228685410c_S105   603      191       181       184    181     181
625E25KB110c_S146     3174     3020      2931      2996   2927    2927
                     sample.name orig_f_reads orig_r_reads adap_f_reads
SP011228685510c_S104           1          932          932          932
15C10c_S171                    2        44512        44512        19381
625E110KA210c_S145             3        17564        17564        17560
SP011228685210c_S106           4         4576         4576         4576
SP011228651210c_S191           5         4132         4132         4130
5KB110KA210c_S109              6        21805        21805        21802
5KB25KB110c_S110               7        29257        29257        29042
1000BC10c_S100                 8        12324        12324        12324
SP011228685010c_S127           9          402          402          392
SP011228685410c_S105          10         1063         1063         1063
625E25KB110c_S146             11         6401         6401         6401
                     adap_r_reads prim_f_reads prim_r_reads original_discarded
SP011228685510c_S104          932          443          443                  0
15C10c_S171                 19381         4949         4949              25131
625E110KA210c_S145          17560         8080         8080                  4
SP011228685210c_S106         4576         2301         2301                  0
SP011228651210c_S191         4130         1942         1942                  2
5KB110KA210c_S109           21802         8513         8513                  3
5KB25KB110c_S110            29042        12475        12475                215
1000BC10c_S100              12324         6095         6095                  0
SP011228685010c_S127          392          286          286                 10
SP011228685410c_S105         1063          603          603                  0
625E25KB110c_S146            6401         3174         3174                  0
                     adaptor_discarded primer_discarded filtered_discarded
SP011228685510c_S104               489              202                  5
15C10c_S171                      14432             2004                271
625E110KA210c_S145                9480             1032                 72
SP011228685210c_S106              2275              436                  6
SP011228651210c_S191              2188               83                  9
5KB110KA210c_S109                13289              649                 12
5KB25KB110c_S110                 16567              572                 27
1000BC10c_S100                    6229              778                 15
SP011228685010c_S127               106                9                  1
SP011228685410c_S105               460              412                 10
625E25KB110c_S146                 3227              154                 89
                     merged_discarded
SP011228685510c_S104                0
15C10c_S171                       130
625E110KA210c_S145                  8
SP011228685210c_S106                1
SP011228651210c_S191                1
5KB110KA210c_S109                   6
5KB25KB110c_S110                   33
1000BC10c_S100                      3
SP011228685010c_S127                0
SP011228685410c_S105                0
625E25KB110c_S146                   4
